2020/11/27-21:19:20.453423 4ccc RocksDB version: 6.2.2
2020/11/27-21:19:20.453487 4ccc Git sha rocksdb_build_git_sha:@6d113fc066c5816887eb19c84d12c0677a68af2b@
2020/11/27-21:19:20.453502 4ccc Compile date Aug  5 2019
2020/11/27-21:19:20.453516 4ccc DB SUMMARY
2020/11/27-21:19:20.453862 4ccc CURRENT file:  CURRENT
2020/11/27-21:19:20.453879 4ccc IDENTITY file:  IDENTITY
2020/11/27-21:19:20.454004 4ccc MANIFEST file:  MANIFEST-000045 size: 458 Bytes
2020/11/27-21:19:20.454020 4ccc SST files in C:\Users\Harle\OneDrive\Desktop\school\cs550\rocksdb-serverH\data dir, Total Num: 1, files: 000050.sst 
2020/11/27-21:19:20.454030 4ccc Write Ahead Log file in C:\Users\Harle\OneDrive\Desktop\school\cs550\rocksdb-serverH\data: 000047.log size: 601882 ; 
2020/11/27-21:19:20.454136 4ccc                         Options.error_if_exists: 0
2020/11/27-21:19:20.454150 4ccc                       Options.create_if_missing: 1
2020/11/27-21:19:20.454154 4ccc                         Options.paranoid_checks: 1
2020/11/27-21:19:20.454158 4ccc                                     Options.env: 000001475B577640
2020/11/27-21:19:20.454162 4ccc                                Options.info_log: 000001475B939790
2020/11/27-21:19:20.454166 4ccc                Options.max_file_opening_threads: 16
2020/11/27-21:19:20.454169 4ccc                              Options.statistics: 0000000000000000
2020/11/27-21:19:20.454173 4ccc                               Options.use_fsync: 0
2020/11/27-21:19:20.454177 4ccc                       Options.max_log_file_size: 0
2020/11/27-21:19:20.454180 4ccc                  Options.max_manifest_file_size: 1073741824
2020/11/27-21:19:20.454184 4ccc                   Options.log_file_time_to_roll: 0
2020/11/27-21:19:20.454188 4ccc                       Options.keep_log_file_num: 1000
2020/11/27-21:19:20.454191 4ccc                    Options.recycle_log_file_num: 0
2020/11/27-21:19:20.454195 4ccc                         Options.allow_fallocate: 1
2020/11/27-21:19:20.454199 4ccc                        Options.allow_mmap_reads: 0
2020/11/27-21:19:20.454202 4ccc                       Options.allow_mmap_writes: 0
2020/11/27-21:19:20.454206 4ccc                        Options.use_direct_reads: 0
2020/11/27-21:19:20.454209 4ccc                        Options.use_direct_io_for_flush_and_compaction: 0
2020/11/27-21:19:20.454213 4ccc          Options.create_missing_column_families: 1
2020/11/27-21:19:20.454216 4ccc                              Options.db_log_dir: 
2020/11/27-21:19:20.454220 4ccc                                 Options.wal_dir: C:\Users\Harle\OneDrive\Desktop\school\cs550\rocksdb-serverH\data
2020/11/27-21:19:20.454224 4ccc                Options.table_cache_numshardbits: 6
2020/11/27-21:19:20.454227 4ccc                      Options.max_subcompactions: 1
2020/11/27-21:19:20.454231 4ccc                  Options.max_background_flushes: -1
2020/11/27-21:19:20.454237 4ccc                         Options.WAL_ttl_seconds: 0
2020/11/27-21:19:20.454241 4ccc                       Options.WAL_size_limit_MB: 0
2020/11/27-21:19:20.454244 4ccc             Options.manifest_preallocation_size: 4194304
2020/11/27-21:19:20.454248 4ccc                     Options.is_fd_close_on_exec: 1
2020/11/27-21:19:20.454252 4ccc                   Options.advise_random_on_open: 1
2020/11/27-21:19:20.454255 4ccc                    Options.db_write_buffer_size: 0
2020/11/27-21:19:20.454259 4ccc                    Options.write_buffer_manager: 000001475B94F4A0
2020/11/27-21:19:20.454263 4ccc         Options.access_hint_on_compaction_start: 1
2020/11/27-21:19:20.454266 4ccc  Options.new_table_reader_for_compaction_inputs: 0
2020/11/27-21:19:20.454270 4ccc           Options.random_access_max_buffer_size: 1048576
2020/11/27-21:19:20.454273 4ccc                      Options.use_adaptive_mutex: 0
2020/11/27-21:19:20.454277 4ccc                            Options.rate_limiter: 0000000000000000
2020/11/27-21:19:20.454281 4ccc     Options.sst_file_manager.rate_bytes_per_sec: 0
2020/11/27-21:19:20.454285 4ccc                       Options.wal_recovery_mode: 2
2020/11/27-21:19:20.454288 4ccc                  Options.enable_thread_tracking: 0
2020/11/27-21:19:20.454311 4ccc                  Options.enable_pipelined_write: 0
2020/11/27-21:19:20.454316 4ccc         Options.allow_concurrent_memtable_write: 1
2020/11/27-21:19:20.454320 4ccc      Options.enable_write_thread_adaptive_yield: 1
2020/11/27-21:19:20.454323 4ccc             Options.write_thread_max_yield_usec: 100
2020/11/27-21:19:20.454327 4ccc            Options.write_thread_slow_yield_usec: 3
2020/11/27-21:19:20.454331 4ccc                               Options.row_cache: None
2020/11/27-21:19:20.454334 4ccc                              Options.wal_filter: None
2020/11/27-21:19:20.454338 4ccc             Options.avoid_flush_during_recovery: 0
2020/11/27-21:19:20.454341 4ccc             Options.allow_ingest_behind: 0
2020/11/27-21:19:20.454345 4ccc             Options.preserve_deletes: 0
2020/11/27-21:19:20.454349 4ccc             Options.two_write_queues: 0
2020/11/27-21:19:20.454352 4ccc             Options.manual_wal_flush: 0
2020/11/27-21:19:20.454356 4ccc             Options.atomic_flush: 0
2020/11/27-21:19:20.454359 4ccc             Options.avoid_unnecessary_blocking_io: 0
2020/11/27-21:19:20.454363 4ccc             Options.max_background_jobs: 16
2020/11/27-21:19:20.454366 4ccc             Options.max_background_compactions: 16
2020/11/27-21:19:20.454370 4ccc             Options.avoid_flush_during_shutdown: 0
2020/11/27-21:19:20.454373 4ccc           Options.writable_file_max_buffer_size: 1048576
2020/11/27-21:19:20.454377 4ccc             Options.delayed_write_rate : 16777216
2020/11/27-21:19:20.454381 4ccc             Options.max_total_wal_size: 0
2020/11/27-21:19:20.454384 4ccc             Options.delete_obsolete_files_period_micros: 21600000000
2020/11/27-21:19:20.454388 4ccc                   Options.stats_dump_period_sec: 600
2020/11/27-21:19:20.454392 4ccc                 Options.stats_persist_period_sec: 600
2020/11/27-21:19:20.454395 4ccc                 Options.stats_history_buffer_size: 1048576
2020/11/27-21:19:20.454399 4ccc                          Options.max_open_files: -1
2020/11/27-21:19:20.454402 4ccc                          Options.bytes_per_sync: 0
2020/11/27-21:19:20.454406 4ccc                      Options.wal_bytes_per_sync: 0
2020/11/27-21:19:20.454410 4ccc                   Options.strict_bytes_per_sync: 0
2020/11/27-21:19:20.454413 4ccc       Options.compaction_readahead_size: 0
2020/11/27-21:19:20.454417 4ccc Compression algorithms supported:
2020/11/27-21:19:20.454421 4ccc 	kZSTD supported: 1
2020/11/27-21:19:20.454425 4ccc 	kSnappyCompression supported: 1
2020/11/27-21:19:20.454428 4ccc 	kBZip2Compression supported: 0
2020/11/27-21:19:20.454432 4ccc 	kZlibCompression supported: 1
2020/11/27-21:19:20.454436 4ccc 	kLZ4Compression supported: 1
2020/11/27-21:19:20.454439 4ccc 	kXpressCompression supported: 0
2020/11/27-21:19:20.454443 4ccc 	kLZ4HCCompression supported: 1
2020/11/27-21:19:20.454447 4ccc 	kZSTDNotFinalCompression supported: 1
2020/11/27-21:19:20.454457 4ccc Fast CRC32 supported: Supported on x86
2020/11/27-21:19:20.455810 4ccc [db\version_set.cc:4053] Recovering from manifest file: C:\Users\Harle\OneDrive\Desktop\school\cs550\rocksdb-serverH\data/MANIFEST-000045
2020/11/27-21:19:20.456120 4ccc [db\column_family.cc:482] --------------- Options for column family [default]:
2020/11/27-21:19:20.456133 4ccc               Options.comparator: leveldb.BytewiseComparator
2020/11/27-21:19:20.456137 4ccc           Options.merge_operator: None
2020/11/27-21:19:20.456141 4ccc        Options.compaction_filter: None
2020/11/27-21:19:20.456144 4ccc        Options.compaction_filter_factory: None
2020/11/27-21:19:20.456148 4ccc         Options.memtable_factory: SkipListFactory
2020/11/27-21:19:20.456152 4ccc            Options.table_factory: BlockBasedTable
2020/11/27-21:19:20.456195 4ccc            table_factory options:   flush_block_policy_factory: FlushBlockBySizePolicyFactory (000001475B3A5470)
  cache_index_and_filter_blocks: 0
  cache_index_and_filter_blocks_with_high_priority: 0
  pin_l0_filter_and_index_blocks_in_cache: 0
  pin_top_level_index_and_filter: 1
  index_type: 0
  data_block_index_type: 0
  index_shortening: 1
  data_block_hash_table_util_ratio: 0.750000
  hash_index_allow_collision: 1
  checksum: 1
  no_block_cache: 0
  block_cache: 000001475B576CE0
  block_cache_name: LRUCache
  block_cache_options:
    capacity : 8388608
    num_shard_bits : 4
    strict_capacity_limit : 0
    memory_allocator : None
    high_pri_pool_ratio: 0.000
  block_cache_compressed: 0000000000000000
  persistent_cache: 0000000000000000
  block_size: 4096
  block_size_deviation: 10
  block_restart_interval: 16
  index_block_restart_interval: 1
  metadata_block_size: 4096
  partition_filters: 0
  use_delta_encoding: 1
  filter_policy: nullptr
  whole_key_filtering: 1
  verify_compression: 0
  read_amp_bytes_per_bit: 0
  format_version: 2
  enable_index_compression: 1
  block_align: 0
2020/11/27-21:19:20.456221 4ccc        Options.write_buffer_size: 134217728
2020/11/27-21:19:20.456227 4ccc  Options.max_write_buffer_number: 6
2020/11/27-21:19:20.456231 4ccc        Options.compression[0]: NoCompression
2020/11/27-21:19:20.456234 4ccc        Options.compression[1]: NoCompression
2020/11/27-21:19:20.456238 4ccc        Options.compression[2]: Snappy
2020/11/27-21:19:20.456242 4ccc        Options.compression[3]: Snappy
2020/11/27-21:19:20.456245 4ccc        Options.compression[4]: Snappy
2020/11/27-21:19:20.456249 4ccc        Options.compression[5]: Snappy
2020/11/27-21:19:20.456253 4ccc        Options.compression[6]: Snappy
2020/11/27-21:19:20.456256 4ccc                  Options.bottommost_compression: Disabled
2020/11/27-21:19:20.456260 4ccc       Options.prefix_extractor: nullptr
2020/11/27-21:19:20.456263 4ccc   Options.memtable_insert_with_hint_prefix_extractor: nullptr
2020/11/27-21:19:20.456267 4ccc             Options.num_levels: 7
2020/11/27-21:19:20.456270 4ccc        Options.min_write_buffer_number_to_merge: 2
2020/11/27-21:19:20.456274 4ccc     Options.max_write_buffer_number_to_maintain: 0
2020/11/27-21:19:20.456278 4ccc            Options.bottommost_compression_opts.window_bits: -14
2020/11/27-21:19:20.456281 4ccc                  Options.bottommost_compression_opts.level: 32767
2020/11/27-21:19:20.456285 4ccc               Options.bottommost_compression_opts.strategy: 0
2020/11/27-21:19:20.456289 4ccc         Options.bottommost_compression_opts.max_dict_bytes: 0
2020/11/27-21:19:20.456292 4ccc         Options.bottommost_compression_opts.zstd_max_train_bytes: 0
2020/11/27-21:19:20.456296 4ccc                  Options.bottommost_compression_opts.enabled: false
2020/11/27-21:19:20.456300 4ccc            Options.compression_opts.window_bits: -14
2020/11/27-21:19:20.456303 4ccc                  Options.compression_opts.level: 32767
2020/11/27-21:19:20.456307 4ccc               Options.compression_opts.strategy: 0
2020/11/27-21:19:20.456310 4ccc         Options.compression_opts.max_dict_bytes: 0
2020/11/27-21:19:20.456314 4ccc         Options.compression_opts.zstd_max_train_bytes: 0
2020/11/27-21:19:20.456318 4ccc                  Options.compression_opts.enabled: false
2020/11/27-21:19:20.456321 4ccc      Options.level0_file_num_compaction_trigger: 2
2020/11/27-21:19:20.456325 4ccc          Options.level0_slowdown_writes_trigger: 20
2020/11/27-21:19:20.456328 4ccc              Options.level0_stop_writes_trigger: 36
2020/11/27-21:19:20.456332 4ccc                   Options.target_file_size_base: 67108864
2020/11/27-21:19:20.456336 4ccc             Options.target_file_size_multiplier: 1
2020/11/27-21:19:20.456339 4ccc                Options.max_bytes_for_level_base: 536870912
2020/11/27-21:19:20.456343 4ccc                      Options.snap_refresh_nanos: 500000000
2020/11/27-21:19:20.456347 4ccc Options.level_compaction_dynamic_level_bytes: 0
2020/11/27-21:19:20.456350 4ccc          Options.max_bytes_for_level_multiplier: 10.000000
2020/11/27-21:19:20.456355 4ccc Options.max_bytes_for_level_multiplier_addtl[0]: 1
2020/11/27-21:19:20.456358 4ccc Options.max_bytes_for_level_multiplier_addtl[1]: 1
2020/11/27-21:19:20.456362 4ccc Options.max_bytes_for_level_multiplier_addtl[2]: 1
2020/11/27-21:19:20.456366 4ccc Options.max_bytes_for_level_multiplier_addtl[3]: 1
2020/11/27-21:19:20.456370 4ccc Options.max_bytes_for_level_multiplier_addtl[4]: 1
2020/11/27-21:19:20.456374 4ccc Options.max_bytes_for_level_multiplier_addtl[5]: 1
2020/11/27-21:19:20.456378 4ccc Options.max_bytes_for_level_multiplier_addtl[6]: 1
2020/11/27-21:19:20.456381 4ccc       Options.max_sequential_skip_in_iterations: 8
2020/11/27-21:19:20.456385 4ccc                    Options.max_compaction_bytes: 1677721600
2020/11/27-21:19:20.456388 4ccc                        Options.arena_block_size: 16777216
2020/11/27-21:19:20.456392 4ccc   Options.soft_pending_compaction_bytes_limit: 68719476736
2020/11/27-21:19:20.456396 4ccc   Options.hard_pending_compaction_bytes_limit: 274877906944
2020/11/27-21:19:20.456400 4ccc       Options.rate_limit_delay_max_milliseconds: 100
2020/11/27-21:19:20.456403 4ccc                Options.disable_auto_compactions: 0
2020/11/27-21:19:20.456407 4ccc                        Options.compaction_style: kCompactionStyleLevel
2020/11/27-21:19:20.456412 4ccc                          Options.compaction_pri: kMinOverlappingRatio
2020/11/27-21:19:20.456416 4ccc Options.compaction_options_universal.size_ratio: 1
2020/11/27-21:19:20.456419 4ccc Options.compaction_options_universal.min_merge_width: 2
2020/11/27-21:19:20.456423 4ccc Options.compaction_options_universal.max_merge_width: 4294967295
2020/11/27-21:19:20.456427 4ccc Options.compaction_options_universal.max_size_amplification_percent: 200
2020/11/27-21:19:20.456430 4ccc Options.compaction_options_universal.compression_size_percent: -1
2020/11/27-21:19:20.456434 4ccc Options.compaction_options_universal.stop_style: kCompactionStopStyleTotalSize
2020/11/27-21:19:20.456438 4ccc Options.compaction_options_fifo.max_table_files_size: 1073741824
2020/11/27-21:19:20.456442 4ccc Options.compaction_options_fifo.allow_compaction: 0
2020/11/27-21:19:20.456445 4ccc                   Options.table_properties_collectors: 
2020/11/27-21:19:20.456449 4ccc                   Options.inplace_update_support: 0
2020/11/27-21:19:20.456453 4ccc                 Options.inplace_update_num_locks: 10000
2020/11/27-21:19:20.456456 4ccc               Options.memtable_prefix_bloom_size_ratio: 0.000000
2020/11/27-21:19:20.456460 4ccc               Options.memtable_whole_key_filtering: 0
2020/11/27-21:19:20.456464 4ccc   Options.memtable_huge_page_size: 0
2020/11/27-21:19:20.456467 4ccc                           Options.bloom_locality: 0
2020/11/27-21:19:20.456471 4ccc                    Options.max_successive_merges: 0
2020/11/27-21:19:20.456474 4ccc                Options.optimize_filters_for_hits: 0
2020/11/27-21:19:20.456478 4ccc                Options.paranoid_file_checks: 0
2020/11/27-21:19:20.456482 4ccc                Options.force_consistency_checks: 0
2020/11/27-21:19:20.456485 4ccc                Options.report_bg_io_stats: 0
2020/11/27-21:19:20.456489 4ccc                               Options.ttl: 0
2020/11/27-21:19:20.456492 4ccc          Options.periodic_compaction_seconds: 0
2020/11/27-21:19:20.456672 4ccc [db\column_family.cc:482] --------------- Options for column family [usertable]:
2020/11/27-21:19:20.456679 4ccc               Options.comparator: leveldb.BytewiseComparator
2020/11/27-21:19:20.456683 4ccc           Options.merge_operator: None
2020/11/27-21:19:20.456686 4ccc        Options.compaction_filter: None
2020/11/27-21:19:20.456690 4ccc        Options.compaction_filter_factory: None
2020/11/27-21:19:20.456694 4ccc         Options.memtable_factory: SkipListFactory
2020/11/27-21:19:20.456697 4ccc            Options.table_factory: BlockBasedTable
2020/11/27-21:19:20.456731 4ccc            table_factory options:   flush_block_policy_factory: FlushBlockBySizePolicyFactory (000001475B3A5670)
  cache_index_and_filter_blocks: 0
  cache_index_and_filter_blocks_with_high_priority: 0
  pin_l0_filter_and_index_blocks_in_cache: 0
  pin_top_level_index_and_filter: 1
  index_type: 0
  data_block_index_type: 0
  index_shortening: 1
  data_block_hash_table_util_ratio: 0.750000
  hash_index_allow_collision: 1
  checksum: 1
  no_block_cache: 0
  block_cache: 000001475B5766B0
  block_cache_name: LRUCache
  block_cache_options:
    capacity : 8388608
    num_shard_bits : 4
    strict_capacity_limit : 0
    memory_allocator : None
    high_pri_pool_ratio: 0.000
  block_cache_compressed: 0000000000000000
  persistent_cache: 0000000000000000
  block_size: 4096
  block_size_deviation: 10
  block_restart_interval: 16
  index_block_restart_interval: 1
  metadata_block_size: 4096
  partition_filters: 0
  use_delta_encoding: 1
  filter_policy: nullptr
  whole_key_filtering: 1
  verify_compression: 0
  read_amp_bytes_per_bit: 0
  format_version: 2
  enable_index_compression: 1
  block_align: 0
2020/11/27-21:19:20.456757 4ccc        Options.write_buffer_size: 134217728
2020/11/27-21:19:20.456763 4ccc  Options.max_write_buffer_number: 6
2020/11/27-21:19:20.456766 4ccc        Options.compression[0]: NoCompression
2020/11/27-21:19:20.456770 4ccc        Options.compression[1]: NoCompression
2020/11/27-21:19:20.456774 4ccc        Options.compression[2]: Snappy
2020/11/27-21:19:20.456778 4ccc        Options.compression[3]: Snappy
2020/11/27-21:19:20.456781 4ccc        Options.compression[4]: Snappy
2020/11/27-21:19:20.456785 4ccc        Options.compression[5]: Snappy
2020/11/27-21:19:20.456788 4ccc        Options.compression[6]: Snappy
2020/11/27-21:19:20.456792 4ccc                  Options.bottommost_compression: Disabled
2020/11/27-21:19:20.456795 4ccc       Options.prefix_extractor: nullptr
2020/11/27-21:19:20.456799 4ccc   Options.memtable_insert_with_hint_prefix_extractor: nullptr
2020/11/27-21:19:20.456802 4ccc             Options.num_levels: 7
2020/11/27-21:19:20.456806 4ccc        Options.min_write_buffer_number_to_merge: 2
2020/11/27-21:19:20.456809 4ccc     Options.max_write_buffer_number_to_maintain: 0
2020/11/27-21:19:20.456813 4ccc            Options.bottommost_compression_opts.window_bits: -14
2020/11/27-21:19:20.456817 4ccc                  Options.bottommost_compression_opts.level: 32767
2020/11/27-21:19:20.456820 4ccc               Options.bottommost_compression_opts.strategy: 0
2020/11/27-21:19:20.456824 4ccc         Options.bottommost_compression_opts.max_dict_bytes: 0
2020/11/27-21:19:20.456828 4ccc         Options.bottommost_compression_opts.zstd_max_train_bytes: 0
2020/11/27-21:19:20.456831 4ccc                  Options.bottommost_compression_opts.enabled: false
2020/11/27-21:19:20.456835 4ccc            Options.compression_opts.window_bits: -14
2020/11/27-21:19:20.456838 4ccc                  Options.compression_opts.level: 32767
2020/11/27-21:19:20.456842 4ccc               Options.compression_opts.strategy: 0
2020/11/27-21:19:20.456846 4ccc         Options.compression_opts.max_dict_bytes: 0
2020/11/27-21:19:20.456849 4ccc         Options.compression_opts.zstd_max_train_bytes: 0
2020/11/27-21:19:20.456853 4ccc                  Options.compression_opts.enabled: false
2020/11/27-21:19:20.456856 4ccc      Options.level0_file_num_compaction_trigger: 2
2020/11/27-21:19:20.456860 4ccc          Options.level0_slowdown_writes_trigger: 20
2020/11/27-21:19:20.456863 4ccc              Options.level0_stop_writes_trigger: 36
2020/11/27-21:19:20.456867 4ccc                   Options.target_file_size_base: 67108864
2020/11/27-21:19:20.456871 4ccc             Options.target_file_size_multiplier: 1
2020/11/27-21:19:20.456874 4ccc                Options.max_bytes_for_level_base: 536870912
2020/11/27-21:19:20.456878 4ccc                      Options.snap_refresh_nanos: 500000000
2020/11/27-21:19:20.456881 4ccc Options.level_compaction_dynamic_level_bytes: 0
2020/11/27-21:19:20.456885 4ccc          Options.max_bytes_for_level_multiplier: 10.000000
2020/11/27-21:19:20.456889 4ccc Options.max_bytes_for_level_multiplier_addtl[0]: 1
2020/11/27-21:19:20.456893 4ccc Options.max_bytes_for_level_multiplier_addtl[1]: 1
2020/11/27-21:19:20.456896 4ccc Options.max_bytes_for_level_multiplier_addtl[2]: 1
2020/11/27-21:19:20.456900 4ccc Options.max_bytes_for_level_multiplier_addtl[3]: 1
2020/11/27-21:19:20.456904 4ccc Options.max_bytes_for_level_multiplier_addtl[4]: 1
2020/11/27-21:19:20.456908 4ccc Options.max_bytes_for_level_multiplier_addtl[5]: 1
2020/11/27-21:19:20.456912 4ccc Options.max_bytes_for_level_multiplier_addtl[6]: 1
2020/11/27-21:19:20.456916 4ccc       Options.max_sequential_skip_in_iterations: 8
2020/11/27-21:19:20.456919 4ccc                    Options.max_compaction_bytes: 1677721600
2020/11/27-21:19:20.456923 4ccc                        Options.arena_block_size: 16777216
2020/11/27-21:19:20.456927 4ccc   Options.soft_pending_compaction_bytes_limit: 68719476736
2020/11/27-21:19:20.456930 4ccc   Options.hard_pending_compaction_bytes_limit: 274877906944
2020/11/27-21:19:20.456934 4ccc       Options.rate_limit_delay_max_milliseconds: 100
2020/11/27-21:19:20.456937 4ccc                Options.disable_auto_compactions: 0
2020/11/27-21:19:20.456941 4ccc                        Options.compaction_style: kCompactionStyleLevel
2020/11/27-21:19:20.456945 4ccc                          Options.compaction_pri: kMinOverlappingRatio
2020/11/27-21:19:20.456949 4ccc Options.compaction_options_universal.size_ratio: 1
2020/11/27-21:19:20.456953 4ccc Options.compaction_options_universal.min_merge_width: 2
2020/11/27-21:19:20.456956 4ccc Options.compaction_options_universal.max_merge_width: 4294967295
2020/11/27-21:19:20.456960 4ccc Options.compaction_options_universal.max_size_amplification_percent: 200
2020/11/27-21:19:20.456964 4ccc Options.compaction_options_universal.compression_size_percent: -1
2020/11/27-21:19:20.456968 4ccc Options.compaction_options_universal.stop_style: kCompactionStopStyleTotalSize
2020/11/27-21:19:20.456971 4ccc Options.compaction_options_fifo.max_table_files_size: 1073741824
2020/11/27-21:19:20.456975 4ccc Options.compaction_options_fifo.allow_compaction: 0
2020/11/27-21:19:20.456979 4ccc                   Options.table_properties_collectors: 
2020/11/27-21:19:20.456982 4ccc                   Options.inplace_update_support: 0
2020/11/27-21:19:20.456986 4ccc                 Options.inplace_update_num_locks: 10000
2020/11/27-21:19:20.456990 4ccc               Options.memtable_prefix_bloom_size_ratio: 0.000000
2020/11/27-21:19:20.456993 4ccc               Options.memtable_whole_key_filtering: 0
2020/11/27-21:19:20.456997 4ccc   Options.memtable_huge_page_size: 0
2020/11/27-21:19:20.457000 4ccc                           Options.bloom_locality: 0
2020/11/27-21:19:20.457004 4ccc                    Options.max_successive_merges: 0
2020/11/27-21:19:20.457007 4ccc                Options.optimize_filters_for_hits: 0
2020/11/27-21:19:20.457011 4ccc                Options.paranoid_file_checks: 0
2020/11/27-21:19:20.457015 4ccc                Options.force_consistency_checks: 0
2020/11/27-21:19:20.457018 4ccc                Options.report_bg_io_stats: 0
2020/11/27-21:19:20.457022 4ccc                               Options.ttl: 0
2020/11/27-21:19:20.457025 4ccc          Options.periodic_compaction_seconds: 0
2020/11/27-21:19:20.459244 4ccc [db\version_set.cc:4267] Recovered from manifest file:C:\Users\Harle\OneDrive\Desktop\school\cs550\rocksdb-serverH\data/MANIFEST-000045 succeeded,manifest_file_number is 45, next_file_number is 52, last_sequence is 7007, log_number is 44,prev_log_number is 0,max_column_family is 1,min_log_number_to_keep is 0
2020/11/27-21:19:20.459261 4ccc [db\version_set.cc:4276] Column family [default] (ID 0), log number is 44
2020/11/27-21:19:20.459266 4ccc [db\version_set.cc:4276] Column family [usertable] (ID 1), log number is 44
2020/11/27-21:19:20.460300 4ccc EVENT_LOG_v1 {"time_micros": 1606540760460259, "job": 1, "event": "recovery_started", "log_files": [47]}
2020/11/27-21:19:20.460311 4ccc [db\db_impl_open.cc:597] Recovering log #47 mode 2
2020/11/27-21:19:20.461319 4ccc [db\version_set.cc:3546] Creating manifest 52
2020/11/27-21:19:20.470485 4ccc EVENT_LOG_v1 {"time_micros": 1606540760470450, "cf_name": "usertable", "job": 1, "event": "table_file_creation", "file_number": 53, "file_size": 422145, "table_properties": {"data_size": 418948, "index_size": 2458, "index_partitions": 0, "top_level_index_size": 0, "index_key_is_user_key": 0, "index_value_is_delta_encoded": 0, "filter_size": 0, "raw_key_size": 11024, "raw_average_key_size": 30, "raw_value_size": 406980, "raw_average_value_size": 1140, "num_data_blocks": 90, "num_entries": 357, "num_deletions": 0, "num_merge_operands": 0, "num_range_deletions": 0, "format_version": 0, "fixed_key_len": 0, "filter_policy": "", "column_family_name": "usertable", "column_family_id": 1, "comparator": "leveldb.BytewiseComparator", "merge_operator": "nullptr", "prefix_extractor_name": "nullptr", "property_collectors": "[]", "compression": "NoCompression", "compression_options": "window_bits=-14; level=32767; strategy=0; max_dict_bytes=0; zstd_max_train_bytes=0; enabled=0; ", "creation_time": 1606540760, "oldest_key_time": 3, "file_creation_time": 0}}
2020/11/27-21:19:20.471690 4ccc EVENT_LOG_v1 {"time_micros": 1606540760471685, "job": 1, "event": "recovery_finished"}
2020/11/27-21:19:20.479051 4ccc DB pointer 000001475B957E20
2020/11/27-21:19:20.479431 31a8 [db\db_impl.cc:779] ------- DUMPING STATS -------
2020/11/27-21:19:20.479443 31a8 [db\db_impl.cc:780] 
** DB Stats **
Uptime(secs): 0.0 total, 0.0 interval
Cumulative writes: 0 writes, 0 keys, 0 commit groups, 0.0 writes per commit group, ingest: 0.00 GB, 0.00 MB/s
Cumulative WAL: 0 writes, 0 syncs, 0.00 writes per sync, written: 0.00 GB, 0.00 MB/s
Cumulative stall: 00:00:0.000 H:M:S, 0.0 percent
Interval writes: 0 writes, 0 keys, 0 commit groups, 0.0 writes per commit group, ingest: 0.00 MB, 0.00 MB/s
Interval WAL: 0 writes, 0 syncs, 0.00 writes per sync, written: 0.00 MB, 0.00 MB/s
Interval stall: 00:00:0.000 H:M:S, 0.0 percent

** Compaction Stats [default] **
Level    Files   Size     Score Read(GB)  Rn(GB) Rnp1(GB) Write(GB) Wnew(GB) Moved(GB) W-Amp Rd(MB/s) Wr(MB/s) Comp(sec) CompMergeCPU(sec) Comp(cnt) Avg(sec) KeyIn KeyDrop
----------------------------------------------------------------------------------------------------------------------------------------------------------------------------
 Sum      0/0    0.00 KB   0.0      0.0     0.0      0.0       0.0      0.0       0.0   0.0      0.0      0.0      0.00              0.00         0    0.000       0      0
 Int      0/0    0.00 KB   0.0      0.0     0.0      0.0       0.0      0.0       0.0   0.0      0.0      0.0      0.00              0.00         0    0.000       0      0

** Compaction Stats [default] **
Priority    Files   Size     Score Read(GB)  Rn(GB) Rnp1(GB) Write(GB) Wnew(GB) Moved(GB) W-Amp Rd(MB/s) Wr(MB/s) Comp(sec) CompMergeCPU(sec) Comp(cnt) Avg(sec) KeyIn KeyDrop
-------------------------------------------------------------------------------------------------------------------------------------------------------------------------------
Uptime(secs): 0.0 total, 0.0 interval
Flush(GB): cumulative 0.000, interval 0.000
AddFile(GB): cumulative 0.000, interval 0.000
AddFile(Total Files): cumulative 0, interval 0
AddFile(L0 Files): cumulative 0, interval 0
AddFile(Keys): cumulative 0, interval 0
Cumulative compaction: 0.00 GB write, 0.00 MB/s write, 0.00 GB read, 0.00 MB/s read, 0.0 seconds
Interval compaction: 0.00 GB write, 0.00 MB/s write, 0.00 GB read, 0.00 MB/s read, 0.0 seconds
Stalls(count): 0 level0_slowdown, 0 level0_slowdown_with_compaction, 0 level0_numfiles, 0 level0_numfiles_with_compaction, 0 stop for pending_compaction_bytes, 0 slowdown for pending_compaction_bytes, 0 memtable_compaction, 0 memtable_slowdown, interval 0 total count

** File Read Latency Histogram By Level [default] **

** Compaction Stats [usertable] **
Level    Files   Size     Score Read(GB)  Rn(GB) Rnp1(GB) Write(GB) Wnew(GB) Moved(GB) W-Amp Rd(MB/s) Wr(MB/s) Comp(sec) CompMergeCPU(sec) Comp(cnt) Avg(sec) KeyIn KeyDrop
----------------------------------------------------------------------------------------------------------------------------------------------------------------------------
  L0      1/0   412.25 KB   0.5      0.0     0.0      0.0       0.0      0.0       0.0   1.0      0.0     96.2      0.00              0.00         1    0.004       0      0
  L1      1/0    1.13 MB   0.0      0.0     0.0      0.0       0.0      0.0       0.0   0.0      0.0      0.0      0.00              0.00         0    0.000       0      0
 Sum      2/0    1.53 MB   0.0      0.0     0.0      0.0       0.0      0.0       0.0   1.0      0.0     96.2      0.00              0.00         1    0.004       0      0
 Int      0/0    0.00 KB   0.0      0.0     0.0      0.0       0.0      0.0       0.0   1.0      0.0     96.2      0.00              0.00         1    0.004       0      0

** Compaction Stats [usertable] **
Priority    Files   Size     Score Read(GB)  Rn(GB) Rnp1(GB) Write(GB) Wnew(GB) Moved(GB) W-Amp Rd(MB/s) Wr(MB/s) Comp(sec) CompMergeCPU(sec) Comp(cnt) Avg(sec) KeyIn KeyDrop
-------------------------------------------------------------------------------------------------------------------------------------------------------------------------------
User      0/0    0.00 KB   0.0      0.0     0.0      0.0       0.0      0.0       0.0   0.0      0.0     96.2      0.00              0.00         1    0.004       0      0
Uptime(secs): 0.0 total, 0.0 interval
Flush(GB): cumulative 0.000, interval 0.000
AddFile(GB): cumulative 0.000, interval 0.000
AddFile(Total Files): cumulative 0, interval 0
AddFile(L0 Files): cumulative 0, interval 0
AddFile(Keys): cumulative 0, interval 0
Cumulative compaction: 0.00 GB write, 17.75 MB/s write, 0.00 GB read, 0.00 MB/s read, 0.0 seconds
Interval compaction: 0.00 GB write, 17.75 MB/s write, 0.00 GB read, 0.00 MB/s read, 0.0 seconds
Stalls(count): 0 level0_slowdown, 0 level0_slowdown_with_compaction, 0 level0_numfiles, 0 level0_numfiles_with_compaction, 0 stop for pending_compaction_bytes, 0 slowdown for pending_compaction_bytes, 0 memtable_compaction, 0 memtable_slowdown, interval 0 total count

** File Read Latency Histogram By Level [usertable] **

** Compaction Stats [default] **
Level    Files   Size     Score Read(GB)  Rn(GB) Rnp1(GB) Write(GB) Wnew(GB) Moved(GB) W-Amp Rd(MB/s) Wr(MB/s) Comp(sec) CompMergeCPU(sec) Comp(cnt) Avg(sec) KeyIn KeyDrop
----------------------------------------------------------------------------------------------------------------------------------------------------------------------------
 Sum      0/0    0.00 KB   0.0      0.0     0.0      0.0       0.0      0.0       0.0   0.0      0.0      0.0      0.00              0.00         0    0.000       0      0
 Int      0/0    0.00 KB   0.0      0.0     0.0      0.0       0.0      0.0       0.0   0.0      0.0      0.0      0.00              0.00         0    0.000       0      0

** Compaction Stats [default] **
Priority    Files   Size     Score Read(GB)  Rn(GB) Rnp1(GB) Write(GB) Wnew(GB) Moved(GB) W-Amp Rd(MB/s) Wr(MB/s) Comp(sec) CompMergeCPU(sec) Comp(cnt) Avg(sec) KeyIn KeyDrop
-------------------------------------------------------------------------------------------------------------------------------------------------------------------------------
Uptime(secs): 0.0 total, 0.0 interval
Flush(GB): cumulative 0.000, interval 0.000
AddFile(GB): cumulative 0.000, interval 0.000
AddFile(Total Files): cumulative 0, interval 0
AddFile(L0 Files): cumulative 0, interval 0
AddFile(Keys): cumulative 0, interval 0
Cumulative compaction: 0.00 GB write, 0.00 MB/s write, 0.00 GB read, 0.00 MB/s read, 0.0 seconds
Interval compaction: 0.00 GB write, 0.00 MB/s write, 0.00 GB read, 0.00 MB/s read, 0.0 seconds
Stalls(count): 0 level0_slowdown, 0 level0_slowdown_with_compaction, 0 level0_numfiles, 0 level0_numfiles_with_compaction, 0 stop for pending_compaction_bytes, 0 slowdown for pending_compaction_bytes, 0 memtable_compaction, 0 memtable_slowdown, interval 0 total count

** File Read Latency Histogram By Level [default] **

** Compaction Stats [usertable] **
Level    Files   Size     Score Read(GB)  Rn(GB) Rnp1(GB) Write(GB) Wnew(GB) Moved(GB) W-Amp Rd(MB/s) Wr(MB/s) Comp(sec) CompMergeCPU(sec) Comp(cnt) Avg(sec) KeyIn KeyDrop
----------------------------------------------------------------------------------------------------------------------------------------------------------------------------
  L0      1/0   412.25 KB   0.5      0.0     0.0      0.0       0.0      0.0       0.0   1.0      0.0     96.2      0.00              0.00         1    0.004       0      0
  L1      1/0    1.13 MB   0.0      0.0     0.0      0.0       0.0      0.0       0.0   0.0      0.0      0.0      0.00              0.00         0    0.000       0      0
 Sum      2/0    1.53 MB   0.0      0.0     0.0      0.0       0.0      0.0       0.0   1.0      0.0     96.2      0.00              0.00         1    0.004       0      0
 Int      0/0    0.00 KB   0.0      0.0     0.0      0.0       0.0      0.0       0.0   0.0      0.0      0.0      0.00              0.00         0    0.000       0      0

** Compaction Stats [usertable] **
Priority    Files   Size     Score Read(GB)  Rn(GB) Rnp1(GB) Write(GB) Wnew(GB) Moved(GB) W-Amp Rd(MB/s) Wr(MB/s) Comp(sec) CompMergeCPU(sec) Comp(cnt) Avg(sec) KeyIn KeyDrop
-------------------------------------------------------------------------------------------------------------------------------------------------------------------------------
User      0/0    0.00 KB   0.0      0.0     0.0      0.0       0.0      0.0       0.0   0.0      0.0     96.2      0.00              0.00         1    0.004       0      0
Uptime(secs): 0.0 total, 0.0 interval
Flush(GB): cumulative 0.000, interval 0.000
AddFile(GB): cumulative 0.000, interval 0.000
AddFile(Total Files): cumulative 0, interval 0
AddFile(L0 Files): cumulative 0, interval 0
AddFile(Keys): cumulative 0, interval 0
Cumulative compaction: 0.00 GB write, 17.70 MB/s write, 0.00 GB read, 0.00 MB/s read, 0.0 seconds
Interval compaction: 0.00 GB write, 0.00 MB/s write, 0.00 GB read, 0.00 MB/s read, 0.0 seconds
Stalls(count): 0 level0_slowdown, 0 level0_slowdown_with_compaction, 0 level0_numfiles, 0 level0_numfiles_with_compaction, 0 stop for pending_compaction_bytes, 0 slowdown for pending_compaction_bytes, 0 memtable_compaction, 0 memtable_slowdown, interval 0 total count

** File Read Latency Histogram By Level [usertable] **
2020/11/27-21:19:20.538985 4ccc [db\db_impl.cc:392] Shutdown: canceling all background work
2020/11/27-21:19:20.544456 4ccc [db\db_impl.cc:565] Shutdown complete
